1000110101100011010110001101011000110101
1101011000110101100000000001000000000100
0000000100000000010010001101011000110101
0011100000001110000000111000000011100000
1101010101110101010111010101011101010101
0011100000110101010111010101010011100000
0000000100000000010010001101011000110101
1101010101110101010111010101011101010101
1000110101100011010110001101011000110101
1101011000110101100000000001000000000100
0000000100000000010010001101011000110101
0011100000001110000000111000000011100000
1101010101110101010111010101011101010101
0011100000110101010111010101010011100000
0000000100000000010010001101011000110101
1101010101110101010111010101011101010101
